-0.0002182586823090849 0.007870443522993216 -0.03396903269539779 -0.02243438432283664 0.03478582539515112 -0.001669265443176875 -0.0017380856779927684 -0.01641394582973984 0.03906311545214395 0.033291420391134044 
0.02930428442155982 0.013649439510429238 -0.008437038355409446 0.04049162798812054 -0.045893799373090474 0.009113655914394754 -0.024907743675499795 0.009037665524413784 0.004571277758500347 -0.017795949329465634 
-0.02483477805521602 0.003988411623243031 -0.017012872633584336 -0.008530828118525641 0.05771502082992934 -0.049532640682897436 0.02573980318297033 0.018160698025038384 -0.01946427900998553 -0.008161386238889436 
0.0390919343873578 -0.034483997161651826 -0.00144597415734641 -6.1696593793871005e-06 0.04417312130644382 0.0012355414237956994 -0.00034026540110381197 -5.031039290699719e-05 -0.0007738421224910204 -0.003541193933429098 
-0.022623433778349095 0.019994184554705342 0.05099080314872961 -0.003954951150554558 -0.00806452572628561 0.024941773628612465 0.017653514141692427 -0.02473539224158015 -0.018369434481200556 0.06008454371078698 
-0.005628100056144028 -0.00898466354398112 -0.0019268972179903386 -7.474430609210524e-06 0.04159566872753711 -0.026516318697666245 -0.02701881783516469 -0.003416707050106206 -0.027822068816677065 -0.015565657605805678 
-0.017453500732053852 -0.005145221400452862 0.006722373883132274 -0.0014508407156933088 -0.02291415788667651 -0.0029032725733586047 0.01944775212775212 0.01988507442967088 -0.0012312425463408432 -0.00017899799686286986 
0.03858696261000791 -0.018605836839557827 -0.004897660545347551 -0.0003298831300491256 -0.0007995622432901542 0.0031606718259308566 -0.030800639615057093 -2.464479403342343e-05 -2.5950382502151962e-05 -0.0002958320545289585 
0.0053158584920856775 0.001652628814573431 0.023628278331620556 -0.004358243566387555 -0.022643608196755805 -0.008422611806783595 0.007552243083871955 -0.010203281467194689 -0.013962456644099244 -0.0252486956688927 
0.03730517491553638 -0.00016478552930745946 -0.027967652424640343 -9.116114428552948e-05 -0.01920952019848837 -0.02166907550462692 0.010565229538485446 -0.0027566201329751495 -8.495049178325896e-05 -0.0002356328058832462 
